1
84 93
16348 77
17006 57
14008 51
13161 78
16421 53
15089 75
13971 97
12544 98
16543 89
19938 92
16135 96
11840 94
13116 79
19674 81
10498 84
15068 95
11052 81
19978 65
12555 55
11707 93
10995 77
13864 86
13573 53
13848 72
15196 68
17005 98
11007 58
14543 50
11731 94
10448 74
17347 63
14313 78
15051 60
13998 90
14598 54
10308 96
16245 94
13585 71
13414 74
13563 65
14427 52
10800 85
15419 91
10099 70
14360 72
13851 58
11717 90
18160 68
13597 58
13541 93
19653 86
15724 56
13247 65
15965 55
17103 84
12291 56
11951 54
15686 89
17425 58
17198 78
14280 73
17386 96
11445 98
13855 78
11337 57
16849 81
13586 69
18670 58
14750 64
15731 53
10574 51
12008 59
11837 75
11183 52
11950 87
10839 55
11219 97
11460 98
15472 73
10708 95
12026 54
13331 85
17286 56
11876 63